RESULTADO TEST DE LATENCIA
Fecha: 17/03/2026 19:32:04
Servidor: Pliar - Argentina
Host: speed.linknet.ar:8080

Promedio latencia subida (ms): 37
Promedio latencia bajada (ms): 5

Muestras subida: 97
Muestras bajada: 97

Detalle muestras subida (ms):
38, 44, 39, 30, 39, 27, 32, 39, 41, 44, 41, 42, 30, 20, 27, 27, 30, 39, 42, 44, 39, 42, 30, 42, 42, 42, 56, 31, 41, 18, 36, 44, 43, 39, 44, 41, 41, 28, 30, 39, 41, 29, 39, 30, 30, 20, 17, 40, 42, 26, 30, 20, 17, 42, 29, 44, 40, 42, 41, 28, 44, 43, 39, 40, 28, 42, 28, 42, 43, 18, 36, 44, 39, 30, 39, 17, 36, 47, 40, 28, 29, 43, 44, 38, 41, 28, 42, 46, 39, 42, 30, 44, 39, 41, 27, 30, 42

Detalle muestras bajada (ms):
29, 6, 6, 4, 6, 4, 4, 6, 6, 6, 6, 4, 4, 6, 6, 4, 4, 6, 6, 4, 6, 6, 4, 6, 6, 6, 4, 5, 5, 6, 4, 4, 6, 5, 6, 6, 5, 4, 4, 6, 6, 4, 5, 4, 4, 6, 6, 4, 6, 6, 4, 6, 6, 4, 4, 6, 6, 6, 4, 4, 6, 6, 5, 6, 6, 6, 6, 4, 5, 5, 6, 4, 6, 4, 6, 4, 4, 6, 6, 4, 4, 5, 6, 6, 5, 4, 6, 6, 6, 4, 6, 4, 5, 4, 4, 4, 6