RESULTADO TEST DE LATENCIA
Fecha: 17/03/2026 20:28:00
Servidor: Moreno - Argentina
Host: speedtest-moreno.solunet.com.ar:8080

Promedio latencia subida (ms): 40
Promedio latencia bajada (ms): 6

Muestras subida: 91
Muestras bajada: 91

Detalle muestras subida (ms):
38, 41, 30, 42, 42, 39, 32, 40, 28, 40, 28, 43, 41, 43, 42, 42, 42, 44, 42, 42, 42, 43, 38, 25, 30, 39, 42, 44, 41, 42, 44, 38, 44, 41, 42, 44, 46, 38, 42, 19, 34, 41, 42, 41, 44, 42, 42, 42, 20, 31, 45, 40, 42, 42, 41, 44, 43, 39, 18, 36, 40, 44, 40, 38, 30, 42, 43, 41, 40, 44, 40, 18, 34, 30, 41, 41, 42, 19, 18, 16, 32, 44, 42, 41, 43, 43, 36, 30, 42, 42, 44

Detalle muestras bajada (ms):
28, 6, 5, 6, 5, 6, 5, 5, 5, 6, 5, 6, 6, 6, 5, 6, 6, 6, 6, 6, 5, 6, 6, 5, 7, 6, 6, 5, 6, 6, 6, 6, 5, 6, 6, 5, 6, 5, 6, 6, 6, 6, 6, 5, 6, 6, 6, 6, 6, 6, 6, 7, 5, 6, 6, 5, 6, 6, 6, 6, 6, 5, 6, 6, 5, 6, 6, 5, 6, 5, 6, 5, 6, 5, 6, 6, 6, 6, 6, 6, 6, 5, 6, 6, 6, 5, 6, 5, 6, 6, 5