RESULTADO TEST DE LATENCIA
Fecha: 17/03/2026 19:31:24
Servidor: Morón - Argentina
Host: speed.solutionlan.com:8080

Promedio latencia subida (ms): 30
Promedio latencia bajada (ms): 5

Muestras subida: 113
Muestras bajada: 114

Detalle muestras subida (ms):
40, 27, 27, 21, 17, 27, 21, 31, 16, 36, 15, 39, 26, 29, 27, 17, 37, 42, 27, 26, 27, 27, 28, 27, 41, 27, 27, 28, 40, 27, 27, 27, 27, 26, 16, 39, 44, 55, 44, 27, 29, 28, 42, 27, 28, 43, 26, 42, 39, 30, 19, 32, 27, 40, 43, 43, 41, 26, 29, 42, 36, 34, 18, 30, 28, 45, 40, 41, 26, 27, 29, 41, 27, 27, 29, 13, 40, 27, 26, 28, 25, 51, 28, 27, 27, 27, 28, 17, 18, 29, 27, 26, 22, 31, 27, 17, 37, 40, 27, 28, 27, 28, 40, 27, 23, 33, 17, 38, 40, 23, 33, 26, 17

Detalle muestras bajada (ms):
26, 5, 5, 5, 5, 5, 5, 5, 5, 5, 5, 5, 5, 5, 5, 5, 5, 5, 5, 5, 5, 5, 6, 5, 5, 5, 5, 5, 5, 5, 5, 5, 5, 6, 5, 5, 5, 5, 5, 5, 5, 5, 4, 5, 5, 5, 5, 5, 6, 5, 6, 4, 5, 5, 6, 6, 6, 6, 4, 5, 6, 5, 6, 5, 5, 5, 7, 5, 5, 5, 5, 5, 4, 5, 5, 4, 5, 5, 5, 5, 5, 6, 11, 5, 4, 6, 4, 5, 5, 5, 5, 5, 5, 5, 5, 6, 5, 5, 5, 5, 5, 5, 6, 5, 5, 5, 5, 5, 6, 5, 4, 5, 5, 5