RESULTADO TEST DE LATENCIA
Fecha: 17/03/2026 20:29:23
Servidor: Moreno - Argentina
Host: speedtest-moreno.solunet.com.ar:8080

Promedio latencia subida (ms): 39
Promedio latencia bajada (ms): 6

Muestras subida: 92
Muestras bajada: 92

Detalle muestras subida (ms):
39, 42, 42, 46, 38, 19, 18, 42, 42, 40, 45, 42, 42, 43, 21, 33, 19, 30, 41, 41, 41, 44, 41, 38, 41, 45, 41, 37, 46, 42, 41, 43, 38, 43, 43, 38, 43, 20, 31, 23, 44, 40, 43, 42, 40, 43, 41, 42, 44, 47, 34, 20, 14, 20, 31, 40, 44, 41, 42, 35, 29, 44, 44, 41, 48, 32, 42, 44, 41, 37, 40, 45, 19, 29, 40, 44, 42, 38, 41, 41, 40, 19, 30, 21, 30, 45, 40, 42, 40, 20, 26, 31

Detalle muestras bajada (ms):
27, 6, 6, 5, 5, 6, 5, 6, 6, 5, 5, 5, 6, 6, 6, 5, 5, 6, 7, 6, 5, 6, 8, 7, 7, 8, 6, 6, 5, 5, 5, 6, 7, 8, 6, 7, 6, 6, 6, 5, 7, 7, 5, 7, 7, 5, 6, 6, 6, 6, 8, 6, 6, 9, 6, 6, 4, 6, 7, 7, 5, 5, 5, 7, 7, 5, 6, 6, 6, 8, 7, 7, 9, 6, 6, 5, 6, 9, 6, 6, 8, 8, 6, 6, 7, 5, 6, 6, 6, 10, 6, 5